eye  0 0 11
viewdir  0 0 -1
updir  1 0 0
vfov 90
imsize 512 512
bkgcolor 0.68 0.85 0.90
light 2 0 -7 1.0 1.0 0.0 0.0
light 0 -2 -7 1.0 0.0 1.0 0.0
light -2 0 -7 1.0 0.0 0.0 1.0
light 1.5 0 4 1.0 0.0 0.0 1.0
attlight -5 -5 -2 0.0 1.0 0.0 0.0 0.0025 0.0025 0.005
mtlcolor 1.0 1.0 0.0 1.0 0.0 0.0 0.2 0.4 0.2 10
sphere 0 0 -10 2.5
mtlcolor 0.41 0.41 0.41 1.0 0.0 0.0 0.2 0.4 0.2 10
sphere 0 1.5 -8 0.5
mtlcolor 0.41 0.41 0.41 1.0 0.0 0.0 0.2 0.4 0.2 10
sphere 0 -1.5 -8 0.5
mtlcolor 1.0 0.5 0.3 0.0 1.0 1.0 0.2 0.4 0.2 10
sphere -7 0 -10 5
mtlcolor 1.0 0.0 1.0 0.0 0.0 1.0 0.2 0.4 0.2 10
sphere 2.5 0 -10 1.75
mtlcolor 0.58 0.20 0.8 0.0 1.0 1.0 0.4 0.2 0.2 10
sphere -7 -7 -8 2.5
mtlcolor 0.58 0.20 0.8 0.0 1.0 1.0 0.4 0.2 0.2 10
sphere -7 7 -8 2.5
mtlcolor 1.0 0.83 0.8 0.0 1.0 1.0 0.2 0.4 0.2 10
sphere -10 0 -10 5
mtlcolor 1.0 0.83 0.8 0.0 1.0 1.0 0.2 0.4 0.2 10
sphere -16 -2.5 -10 2
mtlcolor 1.0 0.83 0.8 0.0 1.0 1.0 0.2 0.4 0.2 10
sphere -16 2.5 -10 2
mtlcolor 0.58 0.50 0.2 0.0 1.0 1.0 0.4 0.2 0.2 10
sphere -5 -8 -6 1.5
mtlcolor 0.58 0.50 0.2 0.0 1.0 1.0 0.4 0.2 0.2 10
sphere -3 -8 -6 1.5
mtlcolor 0.58 0.50 0.2 0.0 1.0 1.0 0.4 0.2 0.2 10
sphere -1 -8 -6 1.5
mtlcolor 0.58 0.50 0.2 0.0 1.0 1.0 0.4 0.2 0.2 10
sphere 1 -8 -6 1.5
mtlcolor 0.58 0.50 0.2 0.0 1.0 1.0 0.4 0.2 0.2 10
sphere 3 -8 -6 1.5
mtlcolor 0.58 0.50 0.2 0.0 1.0 1.0 0.4 0.2 0.2 10
sphere 5 -8 -6 1.5
mtlcolor 0.58 0.50 0.2 0.0 1.0 1.0 0.4 0.2 0.2 10
sphere 7 -8 -6 1.5
mtlcolor 0.58 0.50 0.2 0.0 1.0 1.0 0.4 0.2 0.2 10
sphere 9 -8 -6 1.5
mtlcolor 0.58 0.50 0.2 0.0 1.0 1.0 0.4 0.2 0.2 10
sphere 11 -8 -6 1.25
mtlcolor 0.58 0.50 0.2 0.0 1.0 1.0 0.4 0.2 0.2 10
sphere 13 -8 -6 1.0
mtlcolor 0.58 0.50 0.2 0.0 1.0 1.0 0.4 0.2 0.2 10
sphere 14.5 -8 -6 0.75
mtlcolor 0.58 0.50 0.2 0.0 1.0 1.0 0.4 0.2 0.2 10
sphere -1 -6 -6 1.5
mtlcolor 0.58 0.50 0.2 0.0 1.0 1.0 0.4 0.2 0.2 10
sphere -1 -4 -6 1
mtlcolor 0.58 0.50 0.2 0.0 1.0 1.0 0.4 0.2 0.2 10
sphere -1 -10 -6 1.5
mtlcolor 0.58 0.50 0.2 0.0 1.0 1.0 0.4 0.2 0.2 10
sphere -1 -12 -6 1
mtlcolor 0.58 0.50 0.2 0.0 1.0 1.0 0.4 0.2 0.2 10
sphere -0.25 -13 -6 0.75
mtlcolor 0.58 0.50 0.2 0.0 1.0 1.0 0.4 0.2 0.2 10
sphere -0.25 -3 -6 0.75
